    unsorted:	 48.25779187 48.29193719 47.22369926 47.62198277 46.79743213 46.67556898 50.81967161 50.55720352 51.34421417 51.52388171 51.76865765 52.38766201 52.50958366 45.50955903 44.91534594 44.69836865 43.69403614 54.68542478 54.95047118 55.28408160 55.50141532 41.87972261 40.23031940 39.92065762 38.86515899 59.07944575 59.62503668 35.95570252 34.96366988 32.77095576 32.46569838 31.97800351 63.55922433 64.62448999 70.21661128 22.51013997 20.75148925 5.889765943e-06 6.645192738e-05 0.004379641511 86.76593538 86.57660104 102.7193617 128.3939519 177.8471348 167.4555253 187.9755088 213.0141767 251.9335437 342.9101866 370.1103938 412.8728915 495.1560678 556.3226594 632.7268369 645.3084468 742.5410035 907.3808014 924.9030820 1147.310141 1212.117161 1234.944624 1347.036250 1458.218204 1730.567279 1683.080985 1764.922634 1857.672931 2108.951019 2289.479365 2355.276525 2430.022121 2461.219572 2528.234167 2593.107784 2767.902293 2897.443436 2919.863036 3135.951886 3203.931055 3252.145392 3702.666547 3649.072120 3775.050721 3845.922940 3939.428606 4025.935758 4054.568907 4140.592333 4368.993756 4585.032050 4676.895872 4865.515321 4955.538190 5069.495057 5179.018304 5486.991791 5484.883640 5609.327284 5747.478398 5810.447905 6376.635832 6607.213261 6681.864492 6845.529360 7103.133851 7128.686520 7701.715882 8047.043175 8403.349642 8659.211361 9138.607760 10431.13448 10862.05772 10971.31219 11418.20604 12708.34695 14270.55264 16434.95111 16988.83483 17941.83089 20666.65381 21792.12793 23412.42411 24489.89130 24561.01615 24597.30605 24279.47831 23993.15429 24942.64385 25464.01718 28042.77856 32801.08538 38993.77743 44139.86431 46448.92400 47904.40799 48175.54333 48865.55030 48961.16021 49354.29855 49501.07821 50585.33995 53155.56656 78069.71331 87210.23893 95203.93691 105138.5277 190559.8760 201331.8870 590994.5803 2214680.119 5714172.438 23411639.99 4.473926495e-08 1.633305559e-06
      sorted:	 4.473926495e-08 1.633305559e-06 5.889765943e-06 6.645192738e-05 0.004379641511 20.75148925 22.51013997 31.97800351 32.46569838 32.77095576 34.96366988 35.95570252 38.86515899 39.92065762 40.23031940 41.87972261 43.69403614 44.69836865 44.91534594 45.50955903 46.67556898 46.79743213 47.22369926 47.62198277 48.25779187 48.29193719 50.55720352 50.81967161 51.34421417 51.52388171 51.76865765 52.38766201 52.50958366 54.68542478 54.95047118 55.28408160 55.50141532 59.07944575 59.62503668 63.55922433 64.62448999 70.21661128 86.57660104 86.76593538 102.7193617 128.3939519 167.4555253 177.8471348 187.9755088 213.0141767 251.9335437 342.9101866 370.1103938 412.8728915 495.1560678 556.3226594 632.7268369 645.3084468 742.5410035 907.3808014 924.9030820 1147.310141 1212.117161 1234.944624 1347.036250 1458.218204 1683.080985 1730.567279 1764.922634 1857.672931 2108.951019 2289.479365 2355.276525 2430.022121 2461.219572 2528.234167 2593.107784 2767.902293 2897.443436 2919.863036 3135.951886 3203.931055 3252.145392 3649.072120 3702.666547 3775.050721 3845.922940 3939.428606 4025.935758 4054.568907 4140.592333 4368.993756 4585.032050 4676.895872 4865.515321 4955.538190 5069.495057 5179.018304 5484.883640 5486.991791 5609.327284 5747.478398 5810.447905 6376.635832 6607.213261 6681.864492 6845.529360 7103.133851 7128.686520 7701.715882 8047.043175 8403.349642 8659.211361 9138.607760 10431.13448 10862.05772 10971.31219 11418.20604 12708.34695 14270.55264 16434.95111 16988.83483 17941.83089 20666.65381 21792.12793 23412.42411 23993.15429 24279.47831 24489.89130 24561.01615 24597.30605 24942.64385 25464.01718 28042.77856 32801.08538 38993.77743 44139.86431 46448.92400 47904.40799 48175.54333 48865.55030 48961.16021 49354.29855 49501.07821 50585.33995 53155.56656 78069.71331 87210.23893 95203.93691 105138.5277 190559.8760 201331.8870 590994.5803 2214680.119 5714172.438 23411639.99
