    unsorted:	 59.76862943 2.874730224e-07 1.508961910e-05 0.001725624876 23.62840619 23.12026491 22.42145023 21.27447263 29.59909296 27.27790165 31.65958189 32.50657585 36.14353013 17.82970842 17.35763176 15.62890542 40.50941587 43.12276354 46.78724509 48.33443966 52.72147472 55.70028108 12.06015825 61.96202461 63.18333559 65.62280287 7.554201593 71.86588810 76.53245509 80.41710809 85.78250215 90.43530579 94.77518228 97.78327088 100.5701019 104.4286951 110.0479475 109.4129197 113.9819759 117.5757702 119.3929346 123.4264133 124.9786242 127.4645465 128.9594526 139.7802755 160.3213726 180.2008542 182.1354191 197.2436983 219.1433083 254.3026225 337.4116557 349.6960479 357.9131011 389.1027591 439.4818438 515.6210669 547.4082987 622.5431855 633.7050785 674.7283565 747.8613547 740.8737543 781.2764889 849.7885595 893.8631118 969.0983751 1114.145165 1172.474614 1223.991726 1265.552768 1287.278973 1320.527980 1348.206832 1396.695077 1418.483518 1499.901665 1515.550004 1569.195097 1641.159623 1666.777228 1941.569265 1921.700134 1974.650809 2017.288359 2071.968532 2083.271694 2129.170365 2155.321150 2213.735567 2312.706407 2374.782356 2488.750856 2515.257857 2664.842401 2721.299195 2788.739473 2862.194322 2947.119071 3063.693830 3097.152402 3278.579669 3408.620048 3414.179555 3473.361379 3695.677738 3916.508631 4053.946404 4199.649852 4456.348970 4571.661962 5120.351750 5571.902910 6155.178602 6244.447494 7055.513600 8735.927238 9275.375476 10212.63794 12624.94266 16190.91893 18884.60187 24308.35871 24456.30267 24419.15944 24568.19022 24100.80157 23495.38214 22457.05594 24987.82101 25960.86771 28911.45186 39790.71697 42452.46855 45950.82040 47055.58966 49446.45756 49272.07164 49070.21460 48573.72537 50217.44704 52828.66633 53832.60340 56562.24162 87996.69397 106679.3268 112966.9374 211648.1142 238694.4048 905344.9954 1788326.445 5861883.244 69190069.70 4.470881480e-08 1.379050078e-06
      sorted:	 4.470881480e-08 2.874730224e-07 1.379050078e-06 1.508961910e-05 0.001725624876 7.554201593 12.06015825 15.62890542 17.35763176 17.82970842 21.27447263 22.42145023 23.12026491 23.62840619 27.27790165 29.59909296 31.65958189 32.50657585 36.14353013 40.50941587 43.12276354 46.78724509 48.33443966 52.72147472 55.70028108 59.76862943 61.96202461 63.18333559 65.62280287 71.86588810 76.53245509 80.41710809 85.78250215 90.43530579 94.77518228 97.78327088 100.5701019 104.4286951 109.4129197 110.0479475 113.9819759 117.5757702 119.3929346 123.4264133 124.9786242 127.4645465 128.9594526 139.7802755 160.3213726 180.2008542 182.1354191 197.2436983 219.1433083 254.3026225 337.4116557 349.6960479 357.9131011 389.1027591 439.4818438 515.6210669 547.4082987 622.5431855 633.7050785 674.7283565 740.8737543 747.8613547 781.2764889 849.7885595 893.8631118 969.0983751 1114.145165 1172.474614 1223.991726 1265.552768 1287.278973 1320.527980 1348.206832 1396.695077 1418.483518 1499.901665 1515.550004 1569.195097 1641.159623 1666.777228 1921.700134 1941.569265 1974.650809 2017.288359 2071.968532 2083.271694 2129.170365 2155.321150 2213.735567 2312.706407 2374.782356 2488.750856 2515.257857 2664.842401 2721.299195 2788.739473 2862.194322 2947.119071 3063.693830 3097.152402 3278.579669 3408.620048 3414.179555 3473.361379 3695.677738 3916.508631 4053.946404 4199.649852 4456.348970 4571.661962 5120.351750 5571.902910 6155.178602 6244.447494 7055.513600 8735.927238 9275.375476 10212.63794 12624.94266 16190.91893 18884.60187 22457.05594 23495.38214 24100.80157 24308.35871 24419.15944 24456.30267 24568.19022 24987.82101 25960.86771 28911.45186 39790.71697 42452.46855 45950.82040 47055.58966 48573.72537 49070.21460 49272.07164 49446.45756 50217.44704 52828.66633 53832.60340 56562.24162 87996.69397 106679.3268 112966.9374 211648.1142 238694.4048 905344.9954 1788326.445 5861883.244 69190069.70
