    unsorted:	 4.907387103e-06 3.617330240e-06 1.860321456e-05 3.851223313e-05 5.505448591e-05 7.483702610e-05 9.952670268e-05 -4.986390293e-05 0.0001581740783 0.0002459425227 0.0004370027358 0.0004772008759 0.0005439035180 0.0005815400972 0.001964648909 0.005375781231 11.76565302 11.38807566 11.92075154 10.68564734 13.92482719 14.29639729 9.475668700 8.591059276 15.87942311 16.71353885 7.573672777 7.036849889 18.96638712 2.120779312 22.59999256 23.43511105 28.57435991 35.15509285 38.41467030 41.23738658 43.97391010 45.79974031 47.83549100 56.10115200 56.88790342 63.27668671 63.97233045 70.74510124 71.64344358 91.72585664 89.98207081 88.30456059 93.27130442 98.92206967 101.9145256 102.4447958 104.0703432 106.6350815 108.2060044 108.8927970 125.7187283 128.2248337 138.0191465 176.6662806 195.9411117 211.9890941 222.3863348 262.5666614 356.9764289 377.0770905 486.3227394 587.3730005 607.9835882 640.2679930 730.6211585 854.8844881 950.2412504 961.2764942 1037.095937 1099.787457 1120.046629 1220.921291 1345.751119 1445.059687 1450.202695 1627.352878 1619.204761 1738.973293 1746.755776 1718.235901 1769.662799 1943.122558 2010.837168 2162.239439 2279.153695 2348.762331 2381.725249 2554.398531 2633.475898 2680.228720 2834.050449 2940.006544 3090.646308 3400.333221 3589.926484 3889.799798 4620.132407 4651.332558 5287.721250 5409.598367 5598.730862 5822.004697 5877.094797 6263.573362 6946.547217 7423.320638 8367.699557 8491.172111 8976.426984 9791.340831 10821.85441 10761.68110 11321.60742 13132.58047 14491.09856 16039.34572 16617.45666 17707.47819 19015.96942 20487.07691 20947.67425 22650.50626 22946.66898 23729.36878 23855.14754 23921.94785 24211.48769 24379.99202 24816.04506 25212.61891 25680.64698 27048.22363 28932.68156 30271.48762 38738.15222 40615.86700 44905.17672 46887.72994 53741.04917 70994.77399 74942.03464 77275.45398 81192.90208 106570.8608 214157.4060 346936.5767 479984.0622 1110135.579 3865149.677
      sorted:	 -4.986390293e-05 3.617330240e-06 4.907387103e-06 1.860321456e-05 3.851223313e-05 5.505448591e-05 7.483702610e-05 9.952670268e-05 0.0001581740783 0.0002459425227 0.0004370027358 0.0004772008759 0.0005439035180 0.0005815400972 0.001964648909 0.005375781231 2.120779312 7.036849889 7.573672777 8.591059276 9.475668700 10.68564734 11.38807566 11.76565302 11.92075154 13.92482719 14.29639729 15.87942311 16.71353885 18.96638712 22.59999256 23.43511105 28.57435991 35.15509285 38.41467030 41.23738658 43.97391010 45.79974031 47.83549100 56.10115200 56.88790342 63.27668671 63.97233045 70.74510124 71.64344358 88.30456059 89.98207081 91.72585664 93.27130442 98.92206967 101.9145256 102.4447958 104.0703432 106.6350815 108.2060044 108.8927970 125.7187283 128.2248337 138.0191465 176.6662806 195.9411117 211.9890941 222.3863348 262.5666614 356.9764289 377.0770905 486.3227394 587.3730005 607.9835882 640.2679930 730.6211585 854.8844881 950.2412504 961.2764942 1037.095937 1099.787457 1120.046629 1220.921291 1345.751119 1445.059687 1450.202695 1619.204761 1627.352878 1718.235901 1738.973293 1746.755776 1769.662799 1943.122558 2010.837168 2162.239439 2279.153695 2348.762331 2381.725249 2554.398531 2633.475898 2680.228720 2834.050449 2940.006544 3090.646308 3400.333221 3589.926484 3889.799798 4620.132407 4651.332558 5287.721250 5409.598367 5598.730862 5822.004697 5877.094797 6263.573362 6946.547217 7423.320638 8367.699557 8491.172111 8976.426984 9791.340831 10761.68110 10821.85441 11321.60742 13132.58047 14491.09856 16039.34572 16617.45666 17707.47819 19015.96942 20487.07691 20947.67425 22650.50626 22946.66898 23729.36878 23855.14754 23921.94785 24211.48769 24379.99202 24816.04506 25212.61891 25680.64698 27048.22363 28932.68156 30271.48762 38738.15222 40615.86700 44905.17672 46887.72994 53741.04917 70994.77399 74942.03464 77275.45398 81192.90208 106570.8608 214157.4060 346936.5767 479984.0622 1110135.579 3865149.677
