    unsorted:	 2.552534631e-05 2.455046055e-05 2.900637801e-05 2.146290587e-05 3.106297241e-05 9.279438600e-05 9.616144891e-05 0.0001054163042 0.0002063323099 0.0004441390797 0.0008135661559 0.001430437286 0.005235014907 0.005779206903 0.005986466714 0.01492850690 1.009162459 6.108840273 7.284410422 27.61637750 54.16770254 47.34999109 70.60810945 92.61968334 100.2700748 110.2809845 183.2645939 187.0231438 244.9984156 274.2575499 320.2907667 336.1100371 391.2369007 451.5631204 470.5989559 523.6626179 583.3615588 625.2521553 673.2522906 726.8010044 813.2460452 929.0261877 894.3097039 956.4077468 1007.141033 1093.829447 1266.376204 1279.449663 1177.511748 1338.738420 1410.269266 1566.620476 1575.206101 1585.440103 1618.193763 1717.289869 1810.204905 1841.576762 1870.330964 1933.728039 2017.084241 2047.536088 2082.643972 2186.989943 2333.022963 2273.564835 2392.778991 2528.078852 2512.140430 2694.575980 2722.695778 2896.128774 2843.358716 3005.712380 3112.861838 3154.494002 3189.923002 3295.591307 3310.676613 3580.066205 3710.382259 4149.259806 4382.490156 4540.409420 4632.377156 4652.327759 5049.512768 5114.251172 5310.502577 5437.978004 5595.523099 5697.739543 6091.254313 6209.670596 6589.382636 6619.340315 7096.588744 7138.725535 7656.900466 8135.625058 8216.253708 8664.307830 8614.243599 8708.333138 9118.316824 9445.937480 9621.859726 10085.32516 10353.03937 10532.63052 10617.31472 10938.62457 11175.60021 11451.76033 11617.40268 11953.68547 11811.15406 12051.56958 12198.56035 12299.00232 14921.35145 16509.09952 16854.68375 17181.84371 17574.50069 18706.84454 23099.17569 22932.79523 23004.90076 21647.58261 22224.99977 23613.40633 23893.66422 24044.68437 24465.97477 24857.00633 25000.04531 25026.46277 26064.13626 30493.46888 32254.64205 37042.39581 38046.50392 46364.22938 47726.31565 50761.36570 65227.66600 71340.10007 89947.61044 133821.1675 158300.2529 337828.8160 356228.9633 551451.8628 2489679.594
      sorted:	 2.146290587e-05 2.455046055e-05 2.552534631e-05 2.900637801e-05 3.106297241e-05 9.279438600e-05 9.616144891e-05 0.0001054163042 0.0002063323099 0.0004441390797 0.0008135661559 0.001430437286 0.005235014907 0.005779206903 0.005986466714 0.01492850690 1.009162459 6.108840273 7.284410422 27.61637750 47.34999109 54.16770254 70.60810945 92.61968334 100.2700748 110.2809845 183.2645939 187.0231438 244.9984156 274.2575499 320.2907667 336.1100371 391.2369007 451.5631204 470.5989559 523.6626179 583.3615588 625.2521553 673.2522906 726.8010044 813.2460452 894.3097039 929.0261877 956.4077468 1007.141033 1093.829447 1177.511748 1266.376204 1279.449663 1338.738420 1410.269266 1566.620476 1575.206101 1585.440103 1618.193763 1717.289869 1810.204905 1841.576762 1870.330964 1933.728039 2017.084241 2047.536088 2082.643972 2186.989943 2273.564835 2333.022963 2392.778991 2512.140430 2528.078852 2694.575980 2722.695778 2843.358716 2896.128774 3005.712380 3112.861838 3154.494002 3189.923002 3295.591307 3310.676613 3580.066205 3710.382259 4149.259806 4382.490156 4540.409420 4632.377156 4652.327759 5049.512768 5114.251172 5310.502577 5437.978004 5595.523099 5697.739543 6091.254313 6209.670596 6589.382636 6619.340315 7096.588744 7138.725535 7656.900466 8135.625058 8216.253708 8614.243599 8664.307830 8708.333138 9118.316824 9445.937480 9621.859726 10085.32516 10353.03937 10532.63052 10617.31472 10938.62457 11175.60021 11451.76033 11617.40268 11811.15406 11953.68547 12051.56958 12198.56035 12299.00232 14921.35145 16509.09952 16854.68375 17181.84371 17574.50069 18706.84454 21647.58261 22224.99977 22932.79523 23004.90076 23099.17569 23613.40633 23893.66422 24044.68437 24465.97477 24857.00633 25000.04531 25026.46277 26064.13626 30493.46888 32254.64205 37042.39581 38046.50392 46364.22938 47726.31565 50761.36570 65227.66600 71340.10007 89947.61044 133821.1675 158300.2529 337828.8160 356228.9633 551451.8628 2489679.594
