    unsorted:	 0.0001430749053 0.0001456132552 0.0001512124871 0.0001662943886 0.0001189125089 7.629316175e-05 8.405149798e-05 6.140600623e-05 0.0002076824833 0.0002285322590 1.485172275e-05 0.0003130602676 0.0004370686218 0.0007833367902 0.03189448962 0.1212110956 0.1137393055 0.1115087947 0.1555553684 0.1745345284 1.797148977 2.465585597 4.085913067 7.050789481 13.73311600 14.48638089 19.38018035 24.50281571 29.93776134 30.86010435 35.74962532 36.58602951 39.08699295 44.19342534 46.67714830 50.41984319 51.09212191 54.61649142 61.99642042 63.88381726 66.47381184 78.69324826 84.85866552 91.16695445 91.47318768 98.89955152 111.2002630 114.7833130 134.1363601 131.9037554 143.0839349 147.5595479 156.9696416 156.4501299 185.2303224 190.8414537 212.5693693 221.3399695 235.9179705 250.7196479 260.6908017 277.1939614 281.5608506 289.0780612 309.4935875 319.2333021 330.1439581 335.4563598 376.2452463 385.4705420 412.7812912 432.2808732 468.1666088 504.2644279 498.1275893 513.3475280 536.2169122 541.3944028 554.1282603 566.7193829 584.8654580 603.2700309 606.5145759 617.8012060 623.5530665 630.8950053 645.6435344 680.5204955 699.7724003 732.0999198 779.4845905 800.2334134 821.1051880 834.5905680 871.9794655 883.6480761 934.5960147 925.5086460 961.7044086 978.7282862 993.8843789 1018.311017 1048.175064 1073.319695 1091.645211 1104.782785 1122.799563 1139.989764 1165.160138 1180.696183 1205.402252 1210.402903 1220.093046 1241.537286 1250.984089 1334.397724 1360.210652 1394.603671 1456.562952 1498.018317 1699.324665 1800.168573 1912.170683 1977.124138 2298.092435 2623.423823 2672.463989 2911.855633 2927.655484 3513.774332 4971.165551 5868.815846 6911.600137 7207.694069 8157.690515 12772.77914 16011.26511 23509.83834 25121.15624 26229.63567 28782.96600 32813.61635 43330.32402 103627.8331 177304.8244 203152.8167 644237.3414 3155181.937
      sorted:	 1.485172275e-05 6.140600623e-05 7.629316175e-05 8.405149798e-05 0.0001189125089 0.0001430749053 0.0001456132552 0.0001512124871 0.0001662943886 0.0002076824833 0.0002285322590 0.0003130602676 0.0004370686218 0.0007833367902 0.03189448962 0.1115087947 0.1137393055 0.1212110956 0.1555553684 0.1745345284 1.797148977 2.465585597 4.085913067 7.050789481 13.73311600 14.48638089 19.38018035 24.50281571 29.93776134 30.86010435 35.74962532 36.58602951 39.08699295 44.19342534 46.67714830 50.41984319 51.09212191 54.61649142 61.99642042 63.88381726 66.47381184 78.69324826 84.85866552 91.16695445 91.47318768 98.89955152 111.2002630 114.7833130 131.9037554 134.1363601 143.0839349 147.5595479 156.4501299 156.9696416 185.2303224 190.8414537 212.5693693 221.3399695 235.9179705 250.7196479 260.6908017 277.1939614 281.5608506 289.0780612 309.4935875 319.2333021 330.1439581 335.4563598 376.2452463 385.4705420 412.7812912 432.2808732 468.1666088 498.1275893 504.2644279 513.3475280 536.2169122 541.3944028 554.1282603 566.7193829 584.8654580 603.2700309 606.5145759 617.8012060 623.5530665 630.8950053 645.6435344 680.5204955 699.7724003 732.0999198 779.4845905 800.2334134 821.1051880 834.5905680 871.9794655 883.6480761 925.5086460 934.5960147 961.7044086 978.7282862 993.8843789 1018.311017 1048.175064 1073.319695 1091.645211 1104.782785 1122.799563 1139.989764 1165.160138 1180.696183 1205.402252 1210.402903 1220.093046 1241.537286 1250.984089 1334.397724 1360.210652 1394.603671 1456.562952 1498.018317 1699.324665 1800.168573 1912.170683 1977.124138 2298.092435 2623.423823 2672.463989 2911.855633 2927.655484 3513.774332 4971.165551 5868.815846 6911.600137 7207.694069 8157.690515 12772.77914 16011.26511 23509.83834 25121.15624 26229.63567 28782.96600 32813.61635 43330.32402 103627.8331 177304.8244 203152.8167 644237.3414 3155181.937
