    unsorted:	 0.0004044312396 0.0002971308476 0.0002583849433 0.0002049467691 0.0001541398981 0.0001022884197 2.942768478e-06 0.0007867965553 0.001045934357 0.001185439034 0.001400068198 0.001560644334 0.002026833787 0.006552110436 0.007581685163 0.01450978721 0.01844819903 0.02284909406 0.02708311430 0.06715440782 0.07899056164 0.08454996656 0.09251327141 0.1059939499 0.1079152890 0.1146055381 0.1149024375 0.1380094575 0.1474895062 0.1465895270 0.1495721300 0.1317329023 0.1642787670 0.1776093679 0.1784597283 0.1799245536 0.8962363578 1.958918548 31.82391709 31.80150054 31.84256891 31.59306078 31.32698026 28.26569022 28.42505737 27.75932785 28.96338020 27.14299245 26.92785320 26.57825870 30.44763268 25.24367623 32.87060473 22.64737947 22.39970898 23.40701571 21.69240234 20.37729995 19.80078571 19.23719712 18.50782213 17.95507924 34.60706370 35.76699577 36.72619090 36.66354338 36.79470684 38.29196152 38.92618643 39.76196363 14.22871476 12.23562986 8.012020801 7.806540343 7.350707309 41.13481252 42.88030736 44.97474732 47.37546396 50.64234282 58.79980885 65.39060857 78.09312981 84.08643487 104.2354354 116.2110847 128.1876360 131.6284654 133.9907226 167.2221128 242.2645703 251.1577789 278.7183504 344.3194353 362.1000107 399.5351475 423.1934107 451.7388222 484.5746268 570.4874242 644.6411886 685.3448221 709.4445724 804.2239264 875.7528841 957.6624887 1019.900054 1113.749437 1081.887460 1170.136633 1230.426620 1382.872469 1624.469977 1844.921839 1914.105985 2001.488251 2085.249120 2532.802187 2579.275286 2856.216736 3101.500245 3361.143930 3580.431648 3867.730056 4228.906250 4519.452836 4808.500377 5423.697664 6323.738398 7253.803555 7773.500238 9308.297638 9732.476794 11172.13737 12086.18062 15333.27174 19146.48455 23599.38390 24605.35884 25950.70884 29051.06605 34084.33274 57905.20814 73819.24631 75419.59287 196376.4365 1404272.183 7515549.963
      sorted:	 2.942768478e-06 0.0001022884197 0.0001541398981 0.0002049467691 0.0002583849433 0.0002971308476 0.0004044312396 0.0007867965553 0.001045934357 0.001185439034 0.001400068198 0.001560644334 0.002026833787 0.006552110436 0.007581685163 0.01450978721 0.01844819903 0.02284909406 0.02708311430 0.06715440782 0.07899056164 0.08454996656 0.09251327141 0.1059939499 0.1079152890 0.1146055381 0.1149024375 0.1317329023 0.1380094575 0.1465895270 0.1474895062 0.1495721300 0.1642787670 0.1776093679 0.1784597283 0.1799245536 0.8962363578 1.958918548 7.350707309 7.806540343 8.012020801 12.23562986 14.22871476 17.95507924 18.50782213 19.23719712 19.80078571 20.37729995 21.69240234 22.39970898 22.64737947 23.40701571 25.24367623 26.57825870 26.92785320 27.14299245 27.75932785 28.26569022 28.42505737 28.96338020 30.44763268 31.32698026 31.59306078 31.80150054 31.82391709 31.84256891 32.87060473 34.60706370 35.76699577 36.66354338 36.72619090 36.79470684 38.29196152 38.92618643 39.76196363 41.13481252 42.88030736 44.97474732 47.37546396 50.64234282 58.79980885 65.39060857 78.09312981 84.08643487 104.2354354 116.2110847 128.1876360 131.6284654 133.9907226 167.2221128 242.2645703 251.1577789 278.7183504 344.3194353 362.1000107 399.5351475 423.1934107 451.7388222 484.5746268 570.4874242 644.6411886 685.3448221 709.4445724 804.2239264 875.7528841 957.6624887 1019.900054 1081.887460 1113.749437 1170.136633 1230.426620 1382.872469 1624.469977 1844.921839 1914.105985 2001.488251 2085.249120 2532.802187 2579.275286 2856.216736 3101.500245 3361.143930 3580.431648 3867.730056 4228.906250 4519.452836 4808.500377 5423.697664 6323.738398 7253.803555 7773.500238 9308.297638 9732.476794 11172.13737 12086.18062 15333.27174 19146.48455 23599.38390 24605.35884 25950.70884 29051.06605 34084.33274 57905.20814 73819.24631 75419.59287 196376.4365 1404272.183 7515549.963
